195
               37606            18.891170431199953
               37730            48.076659822099828
                6369            90.349075975299911
               19245            85.420944558499968
               21794            85.420944558600013
               46483             59.76728268310012
                 389            107.18685831619996
               44490            87.063655030799964
               26245            55.852156057499997
               57073            54.620123203299954
               35930            58.179329226599975
               41572            55.879534565400036
               53527            50.130047912399959
               43125            97.330595482599847
               37588            96.509240246399941
               47759            114.57905544150003
                2009            63.381245722199992
                6872            64.750171115699914
               26896            67.351129363499922
                3909            90.349075975399955
               24677            51.471594798099886
                2363            71.868583162199911
               27157            53.251197809699988
               51643            72.005475701599835
               28079            82.956878850099883
               59701            36.550308008199863
               41270            57.631759069099871
               31302            67.761806981499831
               38331            62.778918548900037
               41045             97.33059548250003
                 665            91.718001368899877
               22674            101.43737166320011
               31520            117.04312114989989
               56811            13.278576317600027
               34287            60.095824777600001
               43563            38.740588637899918
               46525             50.65023956189998
               34724            65.982203969899956
               27344             75.70157426420019
               42615                 97.0568104038
               10938            89.938398357300002
               32321            95.414099931600049
               21105            61.054072552999969
               19906            41.341546885700154
               24025            67.624914442199952
               56502            41.232032854200042
                4367             88.98015058179999
               44683            65.982203969899956
                5095            77.070499657700111
               16821            111.15674195759993
               15711            70.910335386699899
                8226            40.684462696700166
               52453            46.625598904899789
               49519             85.01026694050006
               23402            42.710472279299893
               25358             58.20670773439997
               32647            68.993839835799918
               54545             92.81314168380004
               10828            101.02669404519997
                5473            108.28199863100008
               26251            79.260780287499983
               16048            51.635865845300032
               15206            83.997262149199969
               51006            67.159479808399965
               37789            76.632443531800163
               15785            88.514715948000003
               33441             55.03080082130009
               59653            112.19712525659997
               35731            30.828199863100053
                6014            62.970568104100039
                2000            94.182067077299962
               45699            90.075290896600109
                3027            93.141683778199877
               21016             75.42778918550016
               30519            73.237508555799877
               52020            97.248459958899957
                1965            21.848049281299836
               10646            73.374401095200028
               41073            72.689938398399818
               51489            58.726899384000035
               43651            71.047227926099822
                8913                110.0616016427
               28411            88.706365502999915
               36739            111.84120465439992
               57827            56.919917864499894
               56400            68.802190280599916
               53400            66.529774127300016
                3896            93.032169746699992
               51417            65.708418891199926
               17697            63.655030800799977
               57189            86.652977412799828
                3944            116.63244353189998
               11187            48.925393566100183
               34101            69.678302532500084
               50075            67.871321012999942
                2328             71.89596167009995
               50674            66.392881587899865
               22490            66.940451745300152
               56730            48.295687885100051
               59027             59.60301163579993
               15049            71.156741957499889
               49850            46.132785763099946
                3002            80.355920602299875
               50091             69.07597535939999
                 913            68.610540725499959
               49691            88.569472963699809
               14708            58.453114305200188
               13998             56.07118412050022
               39085            73.237508555799877
               53201            58.453114305300005
                2642            34.305270362700185
               57878            80.903490759799979
               27087            57.029431895999778
               24172            78.028747433299941
               23448            75.975359342899992
               42326            110.47227926070013
               28740            57.905544147800128
                1897            101.02669404519997
               19102            12.484599589299933
                6757            27.980835044499827
               51831            42.190280629799872
               49856              51.9370294319001
                3299            86.023271731700106
                5162            100.06844626969996
               23153             88.62422997940007
               35473            112.16974674879998
               13077            88.213552361399934
               34523            27.926078028700204
               22542            65.872689938399844
               44769              66.6392881587999
               33208            87.638603696100063
               32087                104.1752224503
               47458            102.53251197809982
               11983            74.551676933599992
               10538            85.393566050699974
               15372             14.83915126629995
               11721            68.446269678300041
               23457            47.501711156799956
                3750            76.249144421700066
                3196            75.838466803599886
               51591            70.088980150600037
               27464            107.87132101299994
               25279            100.47912388779991
               25023            67.214236824099999
               50601            29.979466119099925
               37385            71.184120465499973
                1122            55.852156057499997
               57949            57.084188911799856
               27861            91.991786447699951
               49900            88.295687885000007
                8123            85.831622176599922
                8846            114.57905544139999
               28118            54.209445585200001
               37066            51.334702258699963
               49218             64.88706365500002
               28553            34.086242299800006
               47630             97.33059548250003
               39740            63.655030800799977
               54492            66.940451745400196
               57844            64.887063654999793
               37322            112.63518138259997
               27855            60.177960301099802
               29787            32.032854209400057
                4524            91.170431211500045
               19401              89.6646132786002
               14130            62.149212867900133
               41944            73.511293634499907
                2154            86.242299794700102
               34525            96.919917864499894
               43005            19.712525667399859
               53228            52.156057494900097
                3194            52.156057494900097
               19893            51.745379876799916
               30383            52.156057494900097
               33707            86.242299794700102
               29766                108.4188911704
               39584            93.223819301899994
                1908            108.03559206019986
               53343            30.800821355200014
               57877            50.513347022500056
               12944            65.516769336099969
               44409            81.724845995900068
               30797            85.366187542800162
               11253            84.490075290900222
                9443            112.93634496920004
               35344            110.88295687890013
               40868            66.502395619399977
               12930            67.980835044500054
               14880            70.636550307999869
               55827            70.800821355299831
               17199            69.815195071799963
               49284            58.316221765900082
               36235            53.744010951400014
               27463             78.43942505129985
               30805            117.86447638599998
