199
                 389            56.673511293600086
               21794            33.675564681800097
               37605            34.496919917899959
               18064            67.351129363499922
                4171            64.065708418899931
               38811            71.457905544099958
               15415            91.170431211500045
               25887            90.349075975300138
                6369            113.34702258729999
               20395            16.016427104699915
               44904            59.548254620199941
               51596            49.691991786500012
               13211            49.691991786500012
               47759            93.223819301799949
                5664            62.012320328600026
               59698            69.404517453800054
                9811            102.25872689940002
               16591             92.40246406569986
                2009            63.381245722199992
                6872            64.750171115699914
               26896            67.351129363499922
                3909            90.349075975399955
               24677            51.471594798099886
                2363            71.868583162199911
               27157            53.251197809699988
               51643            72.005475701599835
               28079            82.956878850099883
               47349            65.708418891100109
               34927            57.494866529700175
               31520            94.455852156100036
               25996            93.634496919899902
               45010            95.277207392199898
               41045            77.207392197100035
               22813            73.100616016499998
               36608            97.741273100599983
               56811            13.278576317600027
               34287            60.095824777600001
               43563            38.740588637899918
               46525             50.65023956189998
               34724            65.982203969899956
               27344             75.70157426420019
               42615                 97.0568104038
               10938            89.938398357300002
               32321            95.414099931600049
               21105            61.054072552999969
               19906            41.341546885700154
               24025            67.624914442199952
               56502            41.232032854200042
                4367             88.98015058179999
               44683            65.982203969899956
                5095            77.070499657700111
               16821            111.15674195759993
               15711            70.910335386699899
                8226            40.684462696700166
               52453            46.625598904899789
               49519             85.01026694050006
               23402            42.710472279299893
               25358             58.20670773439997
               32647            68.993839835799918
               54545             92.81314168380004
               10828            101.02669404519997
                5473            108.28199863100008
               26251            79.260780287499983
               16048            51.635865845300032
               15206            83.997262149199969
               51006            67.159479808399965
               37789            76.632443531800163
               15785            88.514715948000003
               33441             55.03080082130009
               59653            112.19712525659997
                4105            49.828884325799891
                2000            87.611225188200024
               45699            87.611225188200024
                3027            88.432580424299886
               47532            89.253935660500019
               21016            82.683093771399854
               30519            67.898699520899982
               52020                 78.5763175907
               59079            25.872689938400072
               41383            48.049281314200016
               57016            58.726899384000035
               11539            57.084188911800084
                8913            101.43737166319988
               36739            99.794661191000159
                4438            95.687885010300079
               11353            88.295687885000007
               17126            96.509240246399941
               32651            45.174537987699978
               56400             45.99589322379984
               57827             45.99589322379984
               15083             79.67145790550012
               33378             78.85010266940003
               58468            90.349075975399955
               17697            68.993839835700101
               57189             64.88706365500002
                3944            116.63244353179994
               11187            48.925393566100183
               34101            69.678302532500084
               50075            67.871321012999942
                2328             71.89596167009995
               50674            66.392881587899865
               22490            66.940451745300152
               56730            48.295687885100051
               59027             59.60301163579993
               15049            71.156741957499889
               49850            46.132785763099946
                3002            80.355920602299875
               50091             69.07597535939999
                 913            68.610540725499959
               49691            88.569472963699809
               14708            58.453114305200188
               13998             56.07118412050022
               39085            73.237508555799877
               53201            58.453114305300005
                2642            34.305270362700185
               57878            80.903490759799979
               27087            57.029431895999778
               24172            78.028747433299941
               23448            75.975359342899992
               42326            110.47227926070013
               28740            57.905544147800128
                1897            101.02669404519997
                3241            18.945927446899987
                3306             46.87200547569978
                3959            52.621492128700083
                3299            78.904859685100064
               51691            78.904859685100064
               23153            64.941820670800098
               35473            107.65229295009999
               49856            68.227241615399862
                5162            113.40177960300002
               34523            27.926078028700204
               22542            65.872689938399844
               44769              66.6392881587999
               33208            87.638603696100063
               32087                104.1752224503
               47458            102.53251197809982
               11983            74.551676933599992
               10538            85.393566050699974
               15372             14.83915126629995
               11721            68.446269678300041
               23457            47.501711156799956
                3750            76.249144421700066
                3196            75.838466803599886
               51591            70.088980150600037
               27464            107.87132101299994
               25279            100.47912388779991
               25023            67.214236824099999
               50601            29.979466119099925
               37385            71.184120465499973
                1122            55.852156057499997
               57949            57.084188911799856
               27861            91.991786447699951
               49900            88.295687885000007
                8123            85.831622176599922
                8846            114.57905544139999
               28118            54.209445585200001
               37066            51.334702258699963
               49218             64.88706365500002
               28553            34.086242299800006
               47630             97.33059548250003
               39740            63.655030800799977
               54492            66.940451745400196
               57844            64.887063654999793
               37322            112.63518138259997
               27855            60.177960301099802
               29787            32.032854209400057
                4524            91.170431211500045
               19401              89.6646132786002
               14130            62.149212867900133
               41944            73.511293634499907
                2154            86.242299794700102
               34525            96.919917864499894
               13664            27.104722792600114
               18790            47.638603696100063
               31479            58.316221765899854
                3383            79.671457905599937
               30779            61.601642710500073
               51709            57.494866529699948
                 610            87.885010267000098
               29766            110.88295687890013
               52248            106.77618069819982
               53343            30.800821355200014
               57877            50.513347022500056
               12944            65.516769336099969
               44409            81.724845995900068
               30797            85.366187542800162
               11253            84.490075290900222
                9443            112.93634496920004
               35344            110.88295687890013
               15833            71.868583162199911
               32885            64.476386036999884
               29792             80.08213552369989
               47189            71.868583162300183
               55827            70.225872689899916
               17199            71.047227926099822
               49284            58.726899384000035
               27463            77.618069815199988
               30805            117.86447638599998
