    1      0     64400.0000000000     -147528890.839054078       18852819.824028946          -5329.514953062       -4.2587223347032      -29.6521472260998        0.0021608697363        3000.0000000000
    1      0     64400.0000000000     -147528890.839054078       18852819.824028946          -5329.514953062       -4.2587223347032      -29.6521472260998        0.0021608697363        3000.0000000000
    1     -3     64765.1883427555     -147528890.839052826       18852819.824037552          -5329.514953063       -4.2587223347050      -29.6521472260996        0.0021608697363        3000.0000000000
    1     -3     64765.1883427555     -147528890.839052826       18852819.824037552          -5329.514953063       -4.2587223347050      -29.6521472260996        0.0021608697363        3000.0000000000
    2      0     64400.0000000000     -147528890.839054078       18852819.824028946          -5329.514953062       -4.2587223347032      -29.6521472260998        0.0021608697363        3000.0000000000
    2      0     64400.0000000000     -147528890.839054078       18852819.824028946          -5329.514953062       -4.2587223347032      -29.6521472260998        0.0021608697363        3000.0000000000
    2     -3     64765.1883427555     -147528890.839052826       18852819.824037552          -5329.514953063       -4.2587223347050      -29.6521472260996        0.0021608697363        3000.0000000000
    2     -3     64765.1883427555     -147528890.839052826       18852819.824037552          -5329.514953063       -4.2587223347050      -29.6521472260996        0.0021608697363        3000.0000000000
    3      0     64400.0000000000     -147528890.839054078       18852819.824028946          -5329.514953062       -4.2587223347032      -29.6521472260998        0.0021608697363        3000.0000000000
    3      0     64400.0000000000     -147528890.839054078       18852819.824028946          -5329.514953062       -4.2587223347032      -29.6521472260998        0.0021608697363        3000.0000000000
    3     -3     64765.1883427555     -147528890.839052826       18852819.824037552          -5329.514953063       -4.2587223347050      -29.6521472260996        0.0021608697363        2999.0000000000
    3     -3     64765.1883427555     -147528890.839052826       18852819.824037552          -5329.514953063       -4.2587223347050      -29.6521472260996        0.0021608697363        2999.0000000000